
31582
31326
31425
31169
30498
30748
30736
30052
30554
30407
31126
31856
30377
30551
31584
31349
31601
31500
31173
31062
31797
31771
30549
30918
31163
30384
31666
31083
31667
31669
31431
31335
31013
31188
30388
31304
31303
31786
31853
30488
30901
31189
31153
31292
31324
30568
31785
31340
31612
30979
31320
30405
31313
30496
30504
31416
31502
31327
31842
31776
31143
30566
31314
30649
30571
30604
31514
30612
31315
31030
31263
30744
30983
31681
30745
29742
31012
30088
31059
30685
31512
31032
30875
31418
30259
30570
31319
30386
30909
31768
30103
31348
30277
30719
30582
31579
30834
31022
31068
31417
30229
31784
31165
30737
31587
31322
31149
30732
31517
29901
30725
30260
30364
30919
30684
30238
30602
31539
31182
31688
30276
31187
30083
30651
31268
31668
30385
31586
30563
30211
31888
31144
31764
30877
30497
30905
31805
30082
30387
31172
31736
31170
30733
31246
30717
31061
31318
31689
31142
30606
30844
31181
30868
31127
30906
31426
29872
31580
31191
31152
31310
30739
31186
31547
31515
31164
30731
31158
30718
31317
31128
31680
31546
31558
31156
31588
31722
31585
31433
31092
30735
31328
30845
30392
31316
30600
31157
31063
30930
31766
29838
30734
30921
31434
30743
31767
30239
